0 1 0.368541
0.1 1 0.735046
0.2 1 0.919423
0.3 1 0.981143
0.4 1 0.996468
0.5 1 0.999457
0.6 1 0.99993
0.7 1 0.999992
0.8 1 0.999999
0.9 1 1
1 1 1
1.1 1 1
1.2 1 1
1.3 1 1
1.4 1 1
1.5 1 1
1.6 1 1
1.7 1 1
1.8 1 1
1.9 1 1
2 1 1
2.1 1 1
2.2 1 1
2.3 1 1
2.4 1 1
2.5 1 1
2.6 1 1
2.7 1 1
2.8 1 1
2.9 1 1
3 1 1
3.1 1 1
3.2 1 1
3.3 1 1
3.4 1 1
3.5 1 1
3.6 1 1
3.7 1 1
3.8 1 1
3.9 1 1
4 1 1
4.1 1 1
4.2 1 1
4.3 1 1
4.4 1 1
4.5 1 1
4.6 1 1
4.7 1 1
4.8 1 1
4.9 1 1
5 1 1
5.1 1 1
5.2 1 1
5.3 1 1
5.4 1 1
5.5 1 1
5.6 1 1
5.7 1 1
5.8 1 1
5.9 1 1
6 1 1
6.1 1 1
6.2 1 1
6.3 1 1
6.4 1 1
6.5 1 1
6.6 1 1
6.7 1 1
6.8 1 1
6.9 1 1
7 1 1
7.1 1 1
7.2 1 1
7.3 1 1
7.4 1 1
7.5 1 1
7.6 1 1
7.7 1 1
7.8 1 1
7.9 1 1
8 1 1
8.1 1 1
8.2 1 1
8.3 1 1
8.4 1 1
8.5 1 1
8.6 1 1
8.7 1 1
8.8 1 1
8.9 1 1
9 1 1
9.1 1 1
9.2 1 1
9.3 1 1
9.4 1 1
9.5 1 1
9.6 1 1
9.7 1 1
9.8 1 1
9.9 1 1
10 1 2.10562
10.1 4 3.20514
10.2 4 3.75827
10.3 4 3.94343
10.4 4 3.98941
10.5 4 3.99837
10.6 4 3.99979
10.7 4 3.99998
10.8 4 4
10.9 4 4
11 4 4
11.1 4 4
11.2 4 4
11.3 4 4
11.4 4 4
11.5 4 4
11.6 4 4
11.7 4 4
11.8 4 4
11.9 4 4
12 4 4
12.1 4 4
12.2 4 4
12.3 4 4
12.4 4 4
12.5 4 4
12.6 4 4
12.7 4 4
12.8 4 4
12.9 4 4
13 4 4
13.1 4 4
13.2 4 4
13.3 4 4
13.4 4 4
13.5 4 4
13.6 4 4
13.7 4 4
13.8 4 4
13.9 4 4
14 4 4
14.1 4 4
14.2 4 4
14.3 4 4
14.4 4 4
14.5 4 4
14.6 4 4
14.7 4 4
14.8 4 4
14.9 4 4
15 4 4
15.1 4 4
15.2 4 4
15.3 4 4
15.4 4 4
15.5 4 4
15.6 4 4
15.7 4 4
15.8 4 4
15.9 4 4
16 4 4
16.1 4 4
16.2 4 4
16.3 4 4
16.4 4 4
16.5 4 4
16.6 4 4
16.7 4 4
16.8 4 4
16.9 4 4
17 4 4
17.1 4 4
17.2 4 4
17.3 4 4
17.4 4 4
17.5 4 4
17.6 4 4
17.7 4 4
17.8 4 4
17.9 4 4
18 4 4
18.1 4 4
18.2 4 4
18.3 4 4
18.4 4 4
18.5 4 4
18.6 4 4
18.7 4 4
18.8 4 4
18.9 4 4
19 4 4
19.1 4 4
19.2 4 4
19.3 4 4
19.4 4 4
19.5 4 4
19.6 4 4
19.7 4 4
19.8 4 4
19.9 4 4
20 4 3.63146
20.1 3 3.26495
20.2 3 3.08058
20.3 3 3.01886
20.4 3 3.00353
20.5 3 3.00054
20.6 3 3.00007
20.7 3 3.00001
20.8 3 3
20.9 3 3
21 3 3
21.1 3 3
21.2 3 3
21.3 3 3
21.4 3 3
21.5 3 3
21.6 3 3
21.7 3 3
21.8 3 3
21.9 3 3
22 3 3
22.1 3 3
22.2 3 3
22.3 3 3
22.4 3 3
22.5 3 3
22.6 3 3
22.7 3 3
22.8 3 3
22.9 3 3
23 3 3
23.1 3 3
23.2 3 3
23.3 3 3
23.4 3 3
23.5 3 3
23.6 3 3
23.7 3 3
23.8 3 3
23.9 3 3
24 3 3
24.1 3 3
24.2 3 3
24.3 3 3
24.4 3 3
24.5 3 3
24.6 3 3
24.7 3 3
24.8 3 3
24.9 3 3
25 3 3
25.1 3 3
25.2 3 3
25.3 3 3
25.4 3 3
25.5 3 3
25.6 3 3
25.7 3 3
25.8 3 3
25.9 3 3
26 3 3
26.1 3 3
26.2 3 3
26.3 3 3
26.4 3 3
26.5 3 3
26.6 3 3
26.7 3 3
26.8 3 3
26.9 3 3
27 3 3
27.1 3 3
27.2 3 3
27.3 3 3
27.4 3 3
27.5 3 3
27.6 3 3
27.7 3 3
27.8 3 3
27.9 3 3
28 3 3
28.1 3 3
28.2 3 3
28.3 3 3
28.4 3 3
28.5 3 3
28.6 3 3
28.7 3 3
28.8 3 3
28.9 3 3
29 3 3
29.1 3 3
29.2 3 3
29.3 3 3
29.4 3 3
29.5 3 3
29.6 3 3
29.7 3 3
29.8 3 3
29.9 3 3
30 3 3
30.1 3 3
30.2 3 3
30.3 3 3
30.4 3 3
30.5 3 3
30.6 3 3
30.7 3 3
30.8 3 3
30.9 3 3
31 3 3
31.1 3 3
31.2 3 3
31.3 3 3
31.4 3 3
31.5 3 3
31.6 3 3
31.7 3 3
31.8 3 3
31.9 3 3
32 3 3
32.1 3 3
32.2 3 3
32.3 3 3
32.4 3 3
32.5 3 3
32.6 3 3
32.7 3 3
32.8 3 3
32.9 3 3
33 3 3
33.1 3 3
33.2 3 3
33.3 3 3
33.4 3 3
33.5 3 3
33.6 3 3
33.7 3 3
33.8 3 3
33.9 3 3
34 3 3
34.1 3 3
34.2 3 3
34.3 3 3
34.4 3 3
34.5 3 3
34.6 3 3
34.7 3 3
34.8 3 3
34.9 3 3
35 3 3
35.1 3 3
35.2 3 3
35.3 3 3
35.4 3 3
35.5 3 3
35.6 3 3
35.7 3 3
35.8 3 3
35.9 3 3
36 3 3
36.1 3 3
36.2 3 3
36.3 3 3
36.4 3 3
36.5 3 3
36.6 3 3
36.7 3 3
36.8 3 3
36.9 3 3
37 3 3
37.1 3 3
37.2 3 3
37.3 3 3
37.4 3 3
37.5 3 3
37.6 3 3
37.7 3 3
37.8 3 3
37.9 3 3
38 3 3
38.1 3 3
38.2 3 3
38.3 3 3
38.4 3 3
38.5 3 3
38.6 3 3
38.7 3 3
38.8 3 3
38.9 3 3
39 3 3
39.1 3 3
39.2 3 3
39.3 3 3
39.4 3 3
39.5 3 3
39.6 3 3
39.7 3 3
39.8 3 3
39.9 3 3
